#Layer_Color=32768
#
#Feature symbol names
#
$0 r7
$1 r7.0079

#
#Feature attribute names
#

#
#Layer features
#
L 0 -0.0001969 0 6.8501969 1 P 0
L 0 -0.0001969 0.29 -0.0001969 1 P 0
L 0 6.8501969 0.29 6.8501969 1 P 0
L 0.07 3.63 0.07 3.79 0 P 0
L 0.07 3.63 0.37 3.63 0 P 0
L 0.07 3.79 0.37 3.79 0 P 0
L 0.29 -0.0001969 0.29 6.8501969 1 P 0
L 0.29 -0.0001969 0.29 6.8501969 1 P 0
L 0.29 -0.0001969 0.58 -0.0001969 1 P 0
L 0.29 6.8501969 0.58 6.8501969 1 P 0
L 0.36 3.015 0.36 3.175 0 P 0
L 0.36 3.015 0.66 3.015 0 P 0
L 0.36 3.175 0.66 3.175 0 P 0
L 0.37 3.63 0.37 3.79 0 P 0
L 0.58 -0.0001969 0.58 6.8501969 1 P 0
L 0.58 -0.0001969 0.58 6.8501969 1 P 0
L 0.58 -0.0001969 0.87 -0.0001969 1 P 0
L 0.58 6.8501969 0.87 6.8501969 1 P 0
L 0.66 3.015 0.66 3.175 0 P 0
L 0.66 3.7 0.66 3.86 0 P 0
L 0.66 3.7 0.96 3.7 0 P 0
L 0.66 3.86 0.96 3.86 0 P 0
L 0.85 2.94 0.85 3.1 0 P 0
L 0.85 2.94 1.15 2.94 0 P 0
L 0.85 3.1 1.15 3.1 0 P 0
L 0.87 -0.0001969 0.87 6.8501969 1 P 0
L 0.87 -0.0001969 0.87 6.8501969 1 P 0
L 0.87 -0.0001969 1.16 -0.0001969 1 P 0
L 0.87 6.8501969 1.16 6.8501969 1 P 0
L 0.96 3.7 0.96 3.86 0 P 0
L 1.15 2.94 1.15 3.1 0 P 0
L 1.16 -0.0001969 1.16 6.8501969 1 P 0
L 1.16 -0.0001969 1.16 6.8501969 1 P 0
L 1.16 -0.0001969 1.45 -0.0001969 1 P 0
L 1.16 6.8501969 1.45 6.8501969 1 P 0
L 1.215 2.865 1.215 3.025 0 P 0
L 1.215 2.865 1.515 2.865 0 P 0
L 1.215 3.025 1.515 3.025 0 P 0
L 1.235 3.675 1.235 3.835 0 P 0
L 1.235 3.675 1.535 3.675 0 P 0
L 1.235 3.835 1.535 3.835 0 P 0
L 1.45 -0.0001969 1.45 6.8501969 1 P 0
L 1.45 -0.0001969 1.45 6.8501969 1 P 0
L 1.45 -0.0001969 1.74 -0.0001969 1 P 0
L 1.45 6.8501969 1.74 6.8501969 1 P 0
L 1.515 2.865 1.515 3.025 0 P 0
L 1.535 3.675 1.535 3.835 0 P 0
L 1.74 -0.0001969 1.74 6.8501969 1 P 0
L 1.74 -0.0001969 1.74 6.8501969 1 P 0
L 1.74 -0.0001969 2.03 -0.0001969 1 P 0
L 1.74 6.8501969 2.03 6.8501969 1 P 0
L 1.885 2.835 1.885 2.995 0 P 0
L 1.885 2.835 2.185 2.835 0 P 0
L 1.885 2.995 2.185 2.995 0 P 0
L 1.92 3.66 1.92 3.82 0 P 0
L 1.92 3.66 2.22 3.66 0 P 0
L 1.92 3.82 2.22 3.82 0 P 0
L 2.03 -0.0001969 2.03 6.8501969 1 P 0
L 2.03 -0.0001969 2.03 6.8501969 1 P 0
L 2.03 -0.0001969 2.32 -0.0001969 1 P 0
L 2.03 6.8501969 2.32 6.8501969 1 P 0
L 2.185 2.835 2.185 2.995 0 P 0
L 2.22 3.66 2.22 3.82 0 P 0
L 2.305 3.66 2.305 3.82 0 P 0
L 2.305 3.66 2.605 3.66 0 P 0
L 2.305 3.82 2.605 3.82 0 P 0
L 2.32 -0.0001969 2.32 6.8501969 1 P 0
L 2.32 -0.0001969 2.32 6.8501969 1 P 0
L 2.32 -0.0001969 2.61 -0.0001969 1 P 0
L 2.32 6.8501969 2.61 6.8501969 1 P 0
L 2.395 2.835 2.395 2.995 0 P 0
L 2.395 2.835 2.695 2.835 0 P 0
L 2.395 2.995 2.695 2.995 0 P 0
L 2.605 3.66 2.605 3.82 0 P 0
L 2.61 -0.0001969 2.61 6.8501969 1 P 0
L 2.61 -0.0001969 2.61 6.8501969 1 P 0
L 2.61 -0.0001969 2.9 -0.0001969 1 P 0
L 2.61 3.695 2.61 3.855 0 P 0
L 2.61 3.695 2.91 3.695 0 P 0
L 2.61 3.855 2.91 3.855 0 P 0
L 2.61 6.8501969 2.9 6.8501969 1 P 0
L 2.695 2.835 2.695 2.995 0 P 0
L 2.9 -0.0001969 2.9 6.8501969 1 P 0
L 2.9 -0.0001969 2.9 6.8501969 1 P 0
L 2.9 -0.0001969 3.19 -0.0001969 1 P 0
L 2.9 6.8501969 3.19 6.8501969 1 P 0
L 2.91 3.695 2.91 3.855 0 P 0
L 3.19 -0.0001969 3.19 6.8501969 1 P 0
L 3.19 -0.0001969 3.19 6.8501969 1 P 0
L 3.19 -0.0001969 3.48 -0.0001969 1 P 0
L 3.19 6.8501969 3.48 6.8501969 1 P 0
L 3.205 2.85 3.205 3.01 0 P 0
L 3.205 2.85 3.505 2.85 0 P 0
L 3.205 3.01 3.505 3.01 0 P 0
L 3.4 3.68 3.4 3.84 0 P 0
L 3.4 3.68 3.7 3.68 0 P 0
L 3.4 3.84 3.7 3.84 0 P 0
L 3.48 -0.0001969 3.48 6.8501969 1 P 0
L 3.48 -0.0001969 3.48 6.8501969 1 P 0
L 3.48 -0.0001969 3.77 -0.0001969 1 P 0
L 3.48 6.8501969 3.77 6.8501969 1 P 0
L 3.505 2.85 3.505 3.01 0 P 0
L 3.69 2.92 3.69 3.08 0 P 0
L 3.69 2.92 3.99 2.92 0 P 0
L 3.69 3.08 3.99 3.08 0 P 0
L 3.7 3.68 3.7 3.84 0 P 0
L 3.77 -0.0001969 3.77 6.8501969 1 P 0
L 3.77 -0.0001969 3.77 6.8501969 1 P 0
L 3.77 -0.0001969 4.06 -0.0001969 1 P 0
L 3.77 6.8501969 4.06 6.8501969 1 P 0
L 3.98 3.68 3.98 3.84 0 P 0
L 3.98 3.68 4.28 3.68 0 P 0
L 3.98 3.84 4.28 3.84 0 P 0
L 3.99 2.92 3.99 3.08 0 P 0
L 4.06 -0.0001969 4.06 6.8501969 1 P 0
L 4.06 -0.0001969 4.06 6.8501969 1 P 0
L 4.06 -0.0001969 4.35 -0.0001969 1 P 0
L 4.06 6.8501969 4.35 6.8501969 1 P 0
L 4.27 2.985 4.27 3.145 0 P 0
L 4.27 2.985 4.57 2.985 0 P 0
L 4.27 3.145 4.57 3.145 0 P 0
L 4.28 3.68 4.28 3.84 0 P 0
L 4.35 -0.0001969 4.35 6.8501969 1 P 0
L 4.35 -0.0001969 4.35 6.8501969 1 P 0
L 4.35 -0.0001969 4.64 -0.0001969 1 P 0
L 4.35 6.8501969 4.64 6.8501969 1 P 0
L 4.57 2.985 4.57 3.145 0 P 0
L 4.64 -0.0001969 4.64 6.8501969 1 P 0
